5596
5597
5564
5569
5570
5589
5598
5602
5603
5592
5635
5975
5627
5976
5979
5605
5608
5638
9523
9525
9528
9973
9581
9582
9587
9630
10052
9956
9541
9545
9662
9663
9676
9666
9667
9885
9888
10011
9959
10020
10061
9985
9986
10022
10463
10253
10584
10587
10399
10250
10241
10243
12517
10591
10593
10621
10412
10409
10410
10631
10517
10670
10521
10672
10674
10803
10798
10837
10838
10877
10954
10850
10852
10882
10911
10933
10921
10936
10937
11431
11432
11433
12093
12069
12071
12110
12114
12072
12169
12264
12259
12614
12219
12208
12616
12271
5562
5563
5571
5572
5590
5574
5586
5600
5601
5575
5578
5579
5593
5604
5630
5631
5632
5636
5584
5628
5629
5980
5637
5606
5607
5639
5640
5641
5642
9519
9580
9527
9882
9659
10861
9584
9585
9631
9542
9660
9664
9674
9675
9677
9804
9680
9811
12468
9692
9693
9704
9705
9884
9889
9890
9975
9958
9941
10112
10863
10021
9987
10151
10224
10113
10251
10252
10371
10583
10264
10265
10240
10242
10458
10459
10461
10620
10590
10592
10595
10596
10599
10314
10408
10617
10629
10633
10634
10635
10516
10671
10523
10524
10522
10797
10802
10843
10929
10836
10932
10912
10889
10938
11411
11413
11428
11429
11434
12108
12058
12095
12124
12257
12342
12200
12202
12261
12265
12258
12267
12218
12207
12266
12550
12552
12268
