seq_num
9589
9590
9591
9592
9593
9595
9550
9551
9552
9553
9649
9650
9652
9596
9597
9790
9791
9797
9793
9794
9799
9800
9802
9803
9806
9807
9808
9872
10051
9952
9878
9883
10108
9954
9955
10055
9980
10018
10109
10056
9981
10057
9993
10063
10175
10026
10064
9994
10114
10066
10067
10115
10068
10116
10117
10071
10074
10227
10118
10153
10154
10120
10180
10182
10449
10229
10232
10451
13397
10246
10464
10256
10261
10262
10263
10465
10585
10588
10618
10416
10417
10418
10401
10402
10403
10404
10405
10580
10624
10625
10626
10467
10638
10639
10640
10641
10473
10474
10478
10479
10480
10505
10485
10486
10508
10509
10510
10489
10490
10512
10514
10515
10763
10764
10801
10808
10809
10931
10910
10886
10887
10913
10914
10915
10918
10919
10920
11015
11120
11016
11052
11053
11156
11121
11055
11056
11057
11058
11059
11060
11061
11062
11122
11063
11064
11123
11168
11169
11170
11171
11173
11157
11252
11158
11159
11160
11161
11132
11133
11134
11135
11136
11137
11138
11139
11140
11141
11142
11164
11165
11166
11873
12051
12088
13080
12112
13083
12337
12339
12335
12307
12305
12314
12309
12591
12587
12588
12611
12678
12393
12595
12209
