seq_num
9657
9672
9658
9961
9962
9891
9892
9963
10453
10454
10235
10455
10237
12660
12745
10679
10680
10682
10683
12044
12045
12046
12036
11752
11884
11886
11889
12713
11890
11956
14646
11941
12551
12210
12213
12270
12211
12226
12228
12229
12230
12329
12227
12215
12194
13013
12222
12386
12610
13582
13518
13519
13520
13521
13522
13523
13621
13242
13399
13479
13476
13524
13485
13525
13475
13473
13469
13615
13526
13527
13528
13530
13613
13531
13532
13533
13534
13535
13243
13252
13256
13398
13254
13250
13396
13395