13003
14406
14407
14408
14409
14410
14412
14413
14414
1492
1540
1543
1545
1560
1561
1564
1567
1568
1581
1589
1590
1592
1594
16073
16074
16075
16222
16224
16321
1645
1646
1649
16524
16528
1655
1658
1661
1662
16626
1663
1664
16677
16687
1669
1670
16749
16757
1676
16765
1677
16787
1679
16793
16802
16816
1684
1685
16864
16878
16920
16921
1696
1697
16983
16997
17030
17049
17050
17056
17067
17068
17072
17077
17082
17083
17085
17086
17088
1709
17113
17114
17115
17116
17117
17118
1712
17127
17128
17129
1713
17130
17131
17132
17133
17134
17152
17153
17154
17197
1727
1729
1730
1731
17315
1733
1735
1736
1737
1738
1743
1750
1751
1752
1755
1760
1763
1764
1766
1767
1768
1769
1771
1773
1774
1775
1823
1827
1840
1868
1876
1882
1888
1889
1890
1905
1907
1909
1927
1931
1940
1945
1961
1962
1965
1976
1977
1982
1988
1992
2005
2007
2013
2018
2019
2027
2028
2038
2045
2051
2057
2064
2069
2075
2080
2083
2086
2091
2097
2108
2115
2121
2127
2132
2138
2144
2148
2159
2166
2172
2177
2188
2199
2209
2220
2228
2234
2239
2247
2250
2280
2286
2293
2299
2303
2310
2316
2318
2324
2329
2334
2340
2347
2354
2362
2451
2457
2517
2532
2538
2542
2548
2559
2565
2571
2579
2604
2610
2617
2623
2632
2639
2645
2652
2658
2665
2672
2679
2685
2694
2699
2706
2717
2724
2729
2737
2744
3412
3413
3481
3496
3501
3510
3511
3512
3523
3524
3743
4186
4292
4295
4357
4360
4361
4362
4363
4369
4370
4375
4376
4377
4397
4400
4438
4446
4447
4453
4463
4474
4475
4490
4496
4498
4514
4515
4555
4556
4557
4558
4562
4563
4564
4571
4572
4573
4574
4578
4579
4584
4585
4598
4599
4616
4617
4618
4619
4620
4631
4632
4636
4655
4677
4678
4679
4691
4725
4727
4753
4775
4807
4830
4845
4846
4891
4892
4893
4899
4901
4902
4903
4904
4905
4906
4907
4908
4909
4910
4911
4912
4914
4915
4926
4927
4928
4929
4942
4943
4944
4945
4946
4947
4948
4956
4960
4961
4962
4963
4964
4965
4966
4969
4970
4971
4972
4973
4975
4990
4991
4992
4993
4994
4995
4996
4997
4998
5000
5001
5002
5003
5004
5005
5022
5025
5028
5029
5030
5031
5032
5039
5040
5041
5042
5043
5045
5046
5047
5048
5059
5072
5081
5082
5083
5084
5190
5195
5196
5197
5198
5231
5232
5233
5234
5274
5323
5326
5327
5328
5329
5360
5361
5363
5364
5365
5366
5367
5368
5369
5396
5397
5398
5402
5403
5404
5405
5406
5407
5410
5427
5428
5429
5430
5431
5442
5443
5444
5445
5449
5450
5452
5457
5475
5478
5500
5501
5503
5504
5505
5506
5507
5508
5509
5510
5511
5512
5513
5514
5515
5516
5517
5518
5523
5524
5525
5529
5537
5542
5544
5545
5546
5550
5551
5552
5553
5554
5555
5556
5557
5558
5559
5560
5567
5643
5644
5663
5731
5732
5756
5758
5827
5829
5830
5831
5832
5833
5834
5835
5859
5860
5861
5863
5864
5865
5866
5881
5882
5883
5884
5885
5886
5890
5891
5897
5898
5901
5902
5906
5908
5910
5911
5933
5934
5935
5936
5940
5941
5942
5943
5977
5978
5981
5982
5983
5984
6034
6035
6054
6057
6059
6060
6061
6062
6064
6067
6068
6069
6078
6079
6084
6097
6098
6099
6100
6102
6140
6141
6145
6146
6147
6148
6152
6153
6156
6157
6158
6159
6160
6161
6169
6180
6183
6184
6187
6188
6189
6196
6199
6205
6206
6220
6237
6240
6242
6244
6246
6247
6250
6252
6256
6258
6260
6276
6280
6283
6284
6285
6286
6290
6291
6292
6297
6298
6299
6300
6302
6303
6306
6307
6308
6312
6313
6315
6316
6317
6321
6324
6325
6326
6328
6329
6330
6331
6332
6347
6349
6351
6355
6361
6366
6381
6382
6384
6387
6389
6391
6394
6398
6400
6402
6410
6412
6413
6414
6419
6420
6424
6427
6434
6435
6437
6441
6443
6446
6447
6448
6458
6462
6470
6473
6475
6476
6492
6493
6495
6497
6502
6510
6514
6518
6521
6522
6534
6538
6541
6863
6900
6901
6969
6980
6995
6997
7000
7006
7030
7032
7034
7036
7037
7039
7041
7045
7050
7053
7055
7057
7059
7060
7061
7083
7084
7107
7108
7111
7125
7126
7136
7151
7163
7165
7177
7178
7219
7222
7301
7302
7312
7338
7340
7344
7363
7365
7369
7452
7453
7523
7601
7625
7626
7734
7737
7743
7747
7789
7791
7817
7834
7836
7846
7847
7850
7854
7855
7880
7881
7882
7883
7897
7954
7955
8218
8219
8220
8431
8441
8442
8443
8465
8466
8467
8468
8476
8477
8478
8483
8484
8487
8488
8489
8517
8525
8534
8551
8553
8554
8557
8559
8560
8621
8622
8988
8989
8991
8992
9153
9154
9506
9507
9508
9509
9510
9511
9512
9513
9578
9579
9628
9629
F2031
F2032
F2033
F2040
F2056
F2057
F2138
F2146
F2147
F2154
F2155
F2162
F2170
F2171
F2179
F2180
F2187
F2273
F2290
F2298
F2305
F2306
F2322
F2323
F2336
F2337
F2345
F2353
F2401
F2402
F2409
F2410
F2419
F2426
F2434
F2442
F2443
F2451
F2467
F2484
F2485
F2500
F2501
F2508
F2518
F2568
F2577
F2584
F2592
F2593
F2599
F2600
F2608
F2624
F2625
F2632
F2633
F2641
F2642
F2695
F2702
F2703
F2709
F2711
F2718
F2720
F2778
