F2183
F2054
9523
9525
9580
F2158
F2357
F2348
9659
9582
9584
9585
13246
9630
9631
9541
9542
9543
9545
F2174
F2326
9663
9664
F2564
9675
9676
9677
12466
9804
9666
9667
9678
9679
9680
9681
F2148
9811
9686
12467
F2423
9692
9693
9812
12633
12634
F2300
9884
F2316
F2422
9888
9889
9890
9975
10011
13400
9958
9941
9959
F2062
F2341
10020
F2522
10060
10061
F2699
10021
9985
9986
9987
9988
F2638
10022
10224
F2629
F2715
10251
10463
10252
10253
10254
10255
12653
10583
10264
10584
10265
10266
10587
12663
12664
10239
10240
10250
F2700
10242
10457
10243
12380
10244
10458
10459
10460
10461
10620
10590
10591
10592
10593
10595
10596
10621
10599
10314
12674
12675
12670
12671
12672
12673
F2637
13255
10629
10631
10633
10634
F2598
10636
12701
12702
12703
F2184
12705
10670
10671
12706
F2612
12743
12744
F2141
12742
10797
10802
10803
10899
10798
10837
10838
10876
10843
10929
10877
10836
10844
F2045
F2430
10954
10909
10850
10852
10932
10882
10911
10912
10888
10889
10916
10933
10921
10936
10937
10938
11411
11412
11413
11414
11653
11428
11429
11430
11431
11432
11433
11434
13079
12108
12093
12058
12095
12064
12069
12819
14984
12879
12117
12124
12100
12110
12114
12072
13789
F2445
12169
12257
12256
12342
12200
12160
12202
F2490
12264
F2512
12261
12204
12265
12258
12267
13282
13813
12218
12207
12219
12206
F2149
12266
12616
12792
12269
F2588
12272
12552
13790
13791
13792
12268
F2455
14437
14438
13815
13816
13793
13794
13795
13796
13797
13798
13799
13814
13839
13840
13817
13818
13819
13820
13821
13838
13767
13768
13769
13770
13866
13800
13762
13717
13718
13719
13720
13721
13722
13801
13837
13765
13766
13723
13724
13725
13726
13727
13728
13729
13730
13731
13763
13764
13822
13823
13824
13802
13771
13772
13826
13842
13872
13870
13844
13807
13805
13806
13871
13825
13809
13843
13916
13920
13918
13828
13917
13830
13808
13874
13847
13873
13810
13875
13867
13841
13919
13831
13878
13829
13915
13832
F2292
14148
14149
14150
14151
F2406
14152
14153
14154
14155
14473
14272
14273
14497
14256
14357
14241
14240
14499
14834
14420
14421
14422
14493
14494
14439
14440
14441
14442
14444
14445
14446
14448
14449
14450
14451
14774
F2505
14933
14934
F2646
14936
14937
15947
14784
14986
14989
14993
14987
14988
14991
14990
14992
16220
16317
16297
16369
16376
16330
16362
16470
16471
16523
16527
16728
16673
16820
16621
16679
16682
16683
16738
16739
16745
16751
16798
16786
16792
16800
16806
16829
16836
16923
16925
16928
16868
16874
16929
16930
16938
16939
16940
16946
16998
17135
16984
16985
16986
17020
17031
F2133
17032
17033
17069
17136
17139
17140
17051
17052
F2333
17057
17155
17059
17060
17061
17170
17063
17064
F2605
17066
17247
17220
17174
17177
17182
17278
17253
17258
17280
17304
17305
17355
17356
F2581
17286
17290
17198
17297
F2619
F2724
F2613
F2456
F2301
F2713
F2285
F2358
F2293
F2413
F2365
F2571
F2327
F2707
F2168
F2191
F2061
F2310
F2047
F2653
